{
 "cells": [
  {
   "cell_type": "code",
   "execution_count": null,
   "id": "22d87c51",
   "metadata": {},
   "outputs": [],
   "source": [
    "# Heart Disease Prediction\n",
    "# This project aims to predict whether a patient has heart disease based on medical attributes."
   ]
  },
  {
   "cell_type": "code",
   "execution_count": 1,
   "id": "cf7487f9",
   "metadata": {},
   "outputs": [],
   "source": [
    "import pandas as pd\n",
    "import numpy as np\n",
    "import matplotlib.pyplot as plt\n",
    "import seaborn as sns\n",
    "\n",
    "from sklearn.model_selection import train_test_split\n",
    "from sklearn.metrics import accuracy_score\n",
    "from sklearn.linear_model import LogisticRegression\n",
    "from sklearn.ensemble import RandomForestClassifier"
   ]
  },
  {
   "cell_type": "code",
   "execution_count": null,
   "id": "0f23860c",
   "metadata": {},
   "outputs": [
    {
     "data": {
      "text/html": [
       "<div>\n",
       "<style scoped>\n",
       "    .dataframe tbody tr th:only-of-type {\n",
       "        vertical-align: middle;\n",
       "    }\n",
       "\n",
       "    .dataframe tbody tr th {\n",
       "        vertical-align: top;\n",
       "    }\n",
       "\n",
       "    .dataframe thead th {\n",
       "        text-align: right;\n",
       "    }\n",
       "</style>\n",
       "<table border=\"1\" class=\"dataframe\">\n",
       "  <thead>\n",
       "    <tr style=\"text-align: right;\">\n",
       "      <th></th>\n",
       "      <th>id</th>\n",
       "      <th>age</th>\n",
       "      <th>sex</th>\n",
       "      <th>dataset</th>\n",
       "      <th>cp</th>\n",
       "      <th>trestbps</th>\n",
       "      <th>chol</th>\n",
       "      <th>fbs</th>\n",
       "      <th>restecg</th>\n",
       "      <th>thalch</th>\n",
       "      <th>exang</th>\n",
       "      <th>oldpeak</th>\n",
       "      <th>slope</th>\n",
       "      <th>ca</th>\n",
       "      <th>thal</th>\n",
       "      <th>num</th>\n",
       "    </tr>\n",
       "  </thead>\n",
       "  <tbody>\n",
       "    <tr>\n",
       "      <th>0</th>\n",
       "      <td>1</td>\n",
       "      <td>63</td>\n",
       "      <td>Male</td>\n",
       "      <td>Cleveland</td>\n",
       "      <td>typical angina</td>\n",
       "      <td>145.0</td>\n",
       "      <td>233.0</td>\n",
       "      <td>True</td>\n",
       "      <td>lv hypertrophy</td>\n",
       "      <td>150.0</td>\n",
       "      <td>False</td>\n",
       "      <td>2.3</td>\n",
       "      <td>downsloping</td>\n",
       "      <td>0.0</td>\n",
       "      <td>fixed defect</td>\n",
       "      <td>0</td>\n",
       "    </tr>\n",
       "    <tr>\n",
       "      <th>1</th>\n",
       "      <td>2</td>\n",
       "      <td>67</td>\n",
       "      <td>Male</td>\n",
       "      <td>Cleveland</td>\n",
       "      <td>asymptomatic</td>\n",
       "      <td>160.0</td>\n",
       "      <td>286.0</td>\n",
       "      <td>False</td>\n",
       "      <td>lv hypertrophy</td>\n",
       "      <td>108.0</td>\n",
       "      <td>True</td>\n",
       "      <td>1.5</td>\n",
       "      <td>flat</td>\n",
       "      <td>3.0</td>\n",
       "      <td>normal</td>\n",
       "      <td>2</td>\n",
       "    </tr>\n",
       "    <tr>\n",
       "      <th>2</th>\n",
       "      <td>3</td>\n",
       "      <td>67</td>\n",
       "      <td>Male</td>\n",
       "      <td>Cleveland</td>\n",
       "      <td>asymptomatic</td>\n",
       "      <td>120.0</td>\n",
       "      <td>229.0</td>\n",
       "      <td>False</td>\n",
       "      <td>lv hypertrophy</td>\n",
       "      <td>129.0</td>\n",
       "      <td>True</td>\n",
       "      <td>2.6</td>\n",
       "      <td>flat</td>\n",
       "      <td>2.0</td>\n",
       "      <td>reversable defect</td>\n",
       "      <td>1</td>\n",
       "    </tr>\n",
       "    <tr>\n",
       "      <th>3</th>\n",
       "      <td>4</td>\n",
       "      <td>37</td>\n",
       "      <td>Male</td>\n",
       "      <td>Cleveland</td>\n",
       "      <td>non-anginal</td>\n",
       "      <td>130.0</td>\n",
       "      <td>250.0</td>\n",
       "      <td>False</td>\n",
       "      <td>normal</td>\n",
       "      <td>187.0</td>\n",
       "      <td>False</td>\n",
       "      <td>3.5</td>\n",
       "      <td>downsloping</td>\n",
       "      <td>0.0</td>\n",
       "      <td>normal</td>\n",
       "      <td>0</td>\n",
       "    </tr>\n",
       "    <tr>\n",
       "      <th>4</th>\n",
       "      <td>5</td>\n",
       "      <td>41</td>\n",
       "      <td>Female</td>\n",
       "      <td>Cleveland</td>\n",
       "      <td>atypical angina</td>\n",
       "      <td>130.0</td>\n",
       "      <td>204.0</td>\n",
       "      <td>False</td>\n",
       "      <td>lv hypertrophy</td>\n",
       "      <td>172.0</td>\n",
       "      <td>False</td>\n",
       "      <td>1.4</td>\n",
       "      <td>upsloping</td>\n",
       "      <td>0.0</td>\n",
       "      <td>normal</td>\n",
       "      <td>0</td>\n",
       "    </tr>\n",
       "  </tbody>\n",
       "</table>\n",
       "</div>"
      ],
      "text/plain": [
       "   id  age     sex    dataset               cp  trestbps   chol    fbs  \\\n",
       "0   1   63    Male  Cleveland   typical angina     145.0  233.0   True   \n",
       "1   2   67    Male  Cleveland     asymptomatic     160.0  286.0  False   \n",
       "2   3   67    Male  Cleveland     asymptomatic     120.0  229.0  False   \n",
       "3   4   37    Male  Cleveland      non-anginal     130.0  250.0  False   \n",
       "4   5   41  Female  Cleveland  atypical angina     130.0  204.0  False   \n",
       "\n",
       "          restecg  thalch  exang  oldpeak        slope   ca  \\\n",
       "0  lv hypertrophy   150.0  False      2.3  downsloping  0.0   \n",
       "1  lv hypertrophy   108.0   True      1.5         flat  3.0   \n",
       "2  lv hypertrophy   129.0   True      2.6         flat  2.0   \n",
       "3          normal   187.0  False      3.5  downsloping  0.0   \n",
       "4  lv hypertrophy   172.0  False      1.4    upsloping  0.0   \n",
       "\n",
       "                thal  num  \n",
       "0       fixed defect    0  \n",
       "1             normal    2  \n",
       "2  reversable defect    1  \n",
       "3             normal    0  \n",
       "4             normal    0  "
      ]
     },
     "execution_count": 3,
     "metadata": {},
     "output_type": "execute_result"
    }
   ],
   "source": [
    "#load dataset:\n",
    "df = pd.read_csv(\"heart_disease_uci.csv\")\n",
    "df.head()"
   ]
  },
  {
   "cell_type": "code",
   "execution_count": null,
   "id": "05f7aeaf",
   "metadata": {},
   "outputs": [],
   "source": [
    "#Data Cleaning:"
   ]
  },
  {
   "cell_type": "code",
   "execution_count": null,
   "id": "5056134b",
   "metadata": {},
   "outputs": [
    {
     "name": "stdout",
     "output_type": "stream",
     "text": [
      "id            0\n",
      "age           0\n",
      "sex           0\n",
      "dataset       0\n",
      "cp            0\n",
      "trestbps     59\n",
      "chol         30\n",
      "fbs          90\n",
      "restecg       2\n",
      "thalch       55\n",
      "exang        55\n",
      "oldpeak      62\n",
      "slope       309\n",
      "ca          611\n",
      "thal        486\n",
      "num           0\n",
      "dtype: int64\n",
      "Shape after cleaning: (920, 16)\n"
     ]
    }
   ],
   "source": [
    "#check missing values\n",
    "print(df.isnull().sum())\n",
    "\n",
    "#Remove duplicates:\n",
    "df = df.drop_duplicates()\n",
    "print(\"Shape after cleaning:\", df.shape)"
   ]
  },
  {
   "cell_type": "code",
   "execution_count": null,
   "id": "bdca886c",
   "metadata": {},
   "outputs": [],
   "source": [
    "#Data Analysis:"
   ]
  },
  {
   "cell_type": "code",
   "execution_count": null,
   "id": "b93ba35f",
   "metadata": {},
   "outputs": [
    {
     "data": {
      "text/html": [
       "<div>\n",
       "<style scoped>\n",
       "    .dataframe tbody tr th:only-of-type {\n",
       "        vertical-align: middle;\n",
       "    }\n",
       "\n",
       "    .dataframe tbody tr th {\n",
       "        vertical-align: top;\n",
       "    }\n",
       "\n",
       "    .dataframe thead th {\n",
       "        text-align: right;\n",
       "    }\n",
       "</style>\n",
       "<table border=\"1\" class=\"dataframe\">\n",
       "  <thead>\n",
       "    <tr style=\"text-align: right;\">\n",
       "      <th></th>\n",
       "      <th>id</th>\n",
       "      <th>age</th>\n",
       "      <th>trestbps</th>\n",
       "      <th>chol</th>\n",
       "      <th>thalch</th>\n",
       "      <th>oldpeak</th>\n",
       "      <th>ca</th>\n",
       "      <th>num</th>\n",
       "    </tr>\n",
       "  </thead>\n",
       "  <tbody>\n",
       "    <tr>\n",
       "      <th>count</th>\n",
       "      <td>920.000000</td>\n",
       "      <td>920.000000</td>\n",
       "      <td>861.000000</td>\n",
       "      <td>890.000000</td>\n",
       "      <td>865.000000</td>\n",
       "      <td>858.000000</td>\n",
       "      <td>309.000000</td>\n",
       "      <td>920.000000</td>\n",
       "    </tr>\n",
       "    <tr>\n",
       "      <th>mean</th>\n",
       "      <td>460.500000</td>\n",
       "      <td>53.510870</td>\n",
       "      <td>132.132404</td>\n",
       "      <td>199.130337</td>\n",
       "      <td>137.545665</td>\n",
       "      <td>0.878788</td>\n",
       "      <td>0.676375</td>\n",
       "      <td>0.995652</td>\n",
       "    </tr>\n",
       "    <tr>\n",
       "      <th>std</th>\n",
       "      <td>265.725422</td>\n",
       "      <td>9.424685</td>\n",
       "      <td>19.066070</td>\n",
       "      <td>110.780810</td>\n",
       "      <td>25.926276</td>\n",
       "      <td>1.091226</td>\n",
       "      <td>0.935653</td>\n",
       "      <td>1.142693</td>\n",
       "    </tr>\n",
       "    <tr>\n",
       "      <th>min</th>\n",
       "      <td>1.000000</td>\n",
       "      <td>28.000000</td>\n",
       "      <td>0.000000</td>\n",
       "      <td>0.000000</td>\n",
       "      <td>60.000000</td>\n",
       "      <td>-2.600000</td>\n",
       "      <td>0.000000</td>\n",
       "      <td>0.000000</td>\n",
       "    </tr>\n",
       "    <tr>\n",
       "      <th>25%</th>\n",
       "      <td>230.750000</td>\n",
       "      <td>47.000000</td>\n",
       "      <td>120.000000</td>\n",
       "      <td>175.000000</td>\n",
       "      <td>120.000000</td>\n",
       "      <td>0.000000</td>\n",
       "      <td>0.000000</td>\n",
       "      <td>0.000000</td>\n",
       "    </tr>\n",
       "    <tr>\n",
       "      <th>50%</th>\n",
       "      <td>460.500000</td>\n",
       "      <td>54.000000</td>\n",
       "      <td>130.000000</td>\n",
       "      <td>223.000000</td>\n",
       "      <td>140.000000</td>\n",
       "      <td>0.500000</td>\n",
       "      <td>0.000000</td>\n",
       "      <td>1.000000</td>\n",
       "    </tr>\n",
       "    <tr>\n",
       "      <th>75%</th>\n",
       "      <td>690.250000</td>\n",
       "      <td>60.000000</td>\n",
       "      <td>140.000000</td>\n",
       "      <td>268.000000</td>\n",
       "      <td>157.000000</td>\n",
       "      <td>1.500000</td>\n",
       "      <td>1.000000</td>\n",
       "      <td>2.000000</td>\n",
       "    </tr>\n",
       "    <tr>\n",
       "      <th>max</th>\n",
       "      <td>920.000000</td>\n",
       "      <td>77.000000</td>\n",
       "      <td>200.000000</td>\n",
       "      <td>603.000000</td>\n",
       "      <td>202.000000</td>\n",
       "      <td>6.200000</td>\n",
       "      <td>3.000000</td>\n",
       "      <td>4.000000</td>\n",
       "    </tr>\n",
       "  </tbody>\n",
       "</table>\n",
       "</div>"
      ],
      "text/plain": [
       "               id         age    trestbps        chol      thalch     oldpeak  \\\n",
       "count  920.000000  920.000000  861.000000  890.000000  865.000000  858.000000   \n",
       "mean   460.500000   53.510870  132.132404  199.130337  137.545665    0.878788   \n",
       "std    265.725422    9.424685   19.066070  110.780810   25.926276    1.091226   \n",
       "min      1.000000   28.000000    0.000000    0.000000   60.000000   -2.600000   \n",
       "25%    230.750000   47.000000  120.000000  175.000000  120.000000    0.000000   \n",
       "50%    460.500000   54.000000  130.000000  223.000000  140.000000    0.500000   \n",
       "75%    690.250000   60.000000  140.000000  268.000000  157.000000    1.500000   \n",
       "max    920.000000   77.000000  200.000000  603.000000  202.000000    6.200000   \n",
       "\n",
       "               ca         num  \n",
       "count  309.000000  920.000000  \n",
       "mean     0.676375    0.995652  \n",
       "std      0.935653    1.142693  \n",
       "min      0.000000    0.000000  \n",
       "25%      0.000000    0.000000  \n",
       "50%      0.000000    1.000000  \n",
       "75%      1.000000    2.000000  \n",
       "max      3.000000    4.000000  "
      ]
     },
     "execution_count": 10,
     "metadata": {},
     "output_type": "execute_result"
    }
   ],
   "source": [
    "#Statistical summary of the dataset:\n",
    "df.describe()"
   ]
  },
  {
   "cell_type": "code",
   "execution_count": null,
   "id": "cc4c9a0d",
   "metadata": {},
   "outputs": [],
   "source": [
    "#Data Preprocessing:\n",
    "from sklearn.preprocessing import LabelEncoder\n",
    "le = LabelEncoder()\n",
    "for col in df.columns:\n",
    "    if df[col].dtype == 'object':\n",
    "        df[col] = le.fit_transform(df[col])"
   ]
  },
  {
   "cell_type": "code",
   "execution_count": 14,
   "id": "a54066fe",
   "metadata": {},
   "outputs": [
    {
     "data": {
      "text/html": [
       "<div>\n",
       "<style scoped>\n",
       "    .dataframe tbody tr th:only-of-type {\n",
       "        vertical-align: middle;\n",
       "    }\n",
       "\n",
       "    .dataframe tbody tr th {\n",
       "        vertical-align: top;\n",
       "    }\n",
       "\n",
       "    .dataframe thead th {\n",
       "        text-align: right;\n",
       "    }\n",
       "</style>\n",
       "<table border=\"1\" class=\"dataframe\">\n",
       "  <thead>\n",
       "    <tr style=\"text-align: right;\">\n",
       "      <th></th>\n",
       "      <th>id</th>\n",
       "      <th>age</th>\n",
       "      <th>sex</th>\n",
       "      <th>dataset</th>\n",
       "      <th>cp</th>\n",
       "      <th>trestbps</th>\n",
       "      <th>chol</th>\n",
       "      <th>fbs</th>\n",
       "      <th>restecg</th>\n",
       "      <th>thalch</th>\n",
       "      <th>exang</th>\n",
       "      <th>oldpeak</th>\n",
       "      <th>slope</th>\n",
       "      <th>ca</th>\n",
       "      <th>thal</th>\n",
       "      <th>num</th>\n",
       "    </tr>\n",
       "  </thead>\n",
       "  <tbody>\n",
       "    <tr>\n",
       "      <th>id</th>\n",
       "      <td>1.000000</td>\n",
       "      <td>0.239301</td>\n",
       "      <td>0.280053</td>\n",
       "      <td>0.949062</td>\n",
       "      <td>-0.189430</td>\n",
       "      <td>0.052924</td>\n",
       "      <td>-0.376936</td>\n",
       "      <td>0.291005</td>\n",
       "      <td>0.477040</td>\n",
       "      <td>-0.466427</td>\n",
       "      <td>0.399679</td>\n",
       "      <td>0.049930</td>\n",
       "      <td>0.115371</td>\n",
       "      <td>0.061433</td>\n",
       "      <td>0.484673</td>\n",
       "      <td>0.273552</td>\n",
       "    </tr>\n",
       "    <tr>\n",
       "      <th>age</th>\n",
       "      <td>0.239301</td>\n",
       "      <td>1.000000</td>\n",
       "      <td>0.056889</td>\n",
       "      <td>0.235076</td>\n",
       "      <td>-0.076519</td>\n",
       "      <td>0.244253</td>\n",
       "      <td>-0.086234</td>\n",
       "      <td>0.125887</td>\n",
       "      <td>-0.013094</td>\n",
       "      <td>-0.365778</td>\n",
       "      <td>0.250938</td>\n",
       "      <td>0.258243</td>\n",
       "      <td>-0.222399</td>\n",
       "      <td>0.370416</td>\n",
       "      <td>-0.055761</td>\n",
       "      <td>0.339596</td>\n",
       "    </tr>\n",
       "    <tr>\n",
       "      <th>sex</th>\n",
       "      <td>0.280053</td>\n",
       "      <td>0.056889</td>\n",
       "      <td>1.000000</td>\n",
       "      <td>0.285734</td>\n",
       "      <td>-0.125933</td>\n",
       "      <td>0.001087</td>\n",
       "      <td>-0.197281</td>\n",
       "      <td>0.106900</td>\n",
       "      <td>0.074900</td>\n",
       "      <td>-0.179320</td>\n",
       "      <td>0.207197</td>\n",
       "      <td>0.103930</td>\n",
       "      <td>-0.033180</td>\n",
       "      <td>0.094123</td>\n",
       "      <td>0.148581</td>\n",
       "      <td>0.259342</td>\n",
       "    </tr>\n",
       "    <tr>\n",
       "      <th>dataset</th>\n",
       "      <td>0.949062</td>\n",
       "      <td>0.235076</td>\n",
       "      <td>0.285734</td>\n",
       "      <td>1.000000</td>\n",
       "      <td>-0.150334</td>\n",
       "      <td>0.021227</td>\n",
       "      <td>-0.416648</td>\n",
       "      <td>0.293678</td>\n",
       "      <td>0.456794</td>\n",
       "      <td>-0.414609</td>\n",
       "      <td>0.399767</td>\n",
       "      <td>0.053002</td>\n",
       "      <td>0.131545</td>\n",
       "      <td>0.030384</td>\n",
       "      <td>0.464508</td>\n",
       "      <td>0.276203</td>\n",
       "    </tr>\n",
       "    <tr>\n",
       "      <th>cp</th>\n",
       "      <td>-0.189430</td>\n",
       "      <td>-0.076519</td>\n",
       "      <td>-0.125933</td>\n",
       "      <td>-0.150334</td>\n",
       "      <td>1.000000</td>\n",
       "      <td>-0.023508</td>\n",
       "      <td>0.065279</td>\n",
       "      <td>-0.078563</td>\n",
       "      <td>-0.064280</td>\n",
       "      <td>0.300812</td>\n",
       "      <td>-0.241050</td>\n",
       "      <td>-0.181486</td>\n",
       "      <td>0.183725</td>\n",
       "      <td>-0.199452</td>\n",
       "      <td>-0.096112</td>\n",
       "      <td>-0.314518</td>\n",
       "    </tr>\n",
       "    <tr>\n",
       "      <th>trestbps</th>\n",
       "      <td>0.052924</td>\n",
       "      <td>0.244253</td>\n",
       "      <td>0.001087</td>\n",
       "      <td>0.021227</td>\n",
       "      <td>-0.023508</td>\n",
       "      <td>1.000000</td>\n",
       "      <td>0.092853</td>\n",
       "      <td>-0.011590</td>\n",
       "      <td>0.014034</td>\n",
       "      <td>-0.104899</td>\n",
       "      <td>0.152328</td>\n",
       "      <td>0.161908</td>\n",
       "      <td>-0.029471</td>\n",
       "      <td>0.093705</td>\n",
       "      <td>-0.004139</td>\n",
       "      <td>0.122291</td>\n",
       "    </tr>\n",
       "    <tr>\n",
       "      <th>chol</th>\n",
       "      <td>-0.376936</td>\n",
       "      <td>-0.086234</td>\n",
       "      <td>-0.197281</td>\n",
       "      <td>-0.416648</td>\n",
       "      <td>0.065279</td>\n",
       "      <td>0.092853</td>\n",
       "      <td>1.000000</td>\n",
       "      <td>-0.412369</td>\n",
       "      <td>-0.202552</td>\n",
       "      <td>0.236121</td>\n",
       "      <td>-0.029707</td>\n",
       "      <td>0.047734</td>\n",
       "      <td>0.087924</td>\n",
       "      <td>0.051606</td>\n",
       "      <td>-0.041309</td>\n",
       "      <td>-0.231547</td>\n",
       "    </tr>\n",
       "    <tr>\n",
       "      <th>fbs</th>\n",
       "      <td>0.291005</td>\n",
       "      <td>0.125887</td>\n",
       "      <td>0.106900</td>\n",
       "      <td>0.293678</td>\n",
       "      <td>-0.078563</td>\n",
       "      <td>-0.011590</td>\n",
       "      <td>-0.412369</td>\n",
       "      <td>1.000000</td>\n",
       "      <td>0.119873</td>\n",
       "      <td>-0.135389</td>\n",
       "      <td>0.004113</td>\n",
       "      <td>0.006027</td>\n",
       "      <td>-0.063412</td>\n",
       "      <td>0.193544</td>\n",
       "      <td>0.071754</td>\n",
       "      <td>0.186664</td>\n",
       "    </tr>\n",
       "    <tr>\n",
       "      <th>restecg</th>\n",
       "      <td>0.477040</td>\n",
       "      <td>-0.013094</td>\n",
       "      <td>0.074900</td>\n",
       "      <td>0.456794</td>\n",
       "      <td>-0.064280</td>\n",
       "      <td>0.014034</td>\n",
       "      <td>-0.202552</td>\n",
       "      <td>0.119873</td>\n",
       "      <td>1.000000</td>\n",
       "      <td>-0.170422</td>\n",
       "      <td>0.141274</td>\n",
       "      <td>-0.037788</td>\n",
       "      <td>0.171056</td>\n",
       "      <td>-0.114783</td>\n",
       "      <td>0.336679</td>\n",
       "      <td>0.034255</td>\n",
       "    </tr>\n",
       "    <tr>\n",
       "      <th>thalch</th>\n",
       "      <td>-0.466427</td>\n",
       "      <td>-0.365778</td>\n",
       "      <td>-0.179320</td>\n",
       "      <td>-0.414609</td>\n",
       "      <td>0.300812</td>\n",
       "      <td>-0.104899</td>\n",
       "      <td>0.236121</td>\n",
       "      <td>-0.135389</td>\n",
       "      <td>-0.170422</td>\n",
       "      <td>1.000000</td>\n",
       "      <td>-0.356439</td>\n",
       "      <td>-0.151174</td>\n",
       "      <td>0.170790</td>\n",
       "      <td>-0.264094</td>\n",
       "      <td>-0.173028</td>\n",
       "      <td>-0.366265</td>\n",
       "    </tr>\n",
       "    <tr>\n",
       "      <th>exang</th>\n",
       "      <td>0.399679</td>\n",
       "      <td>0.250938</td>\n",
       "      <td>0.207197</td>\n",
       "      <td>0.399767</td>\n",
       "      <td>-0.241050</td>\n",
       "      <td>0.152328</td>\n",
       "      <td>-0.029707</td>\n",
       "      <td>0.004113</td>\n",
       "      <td>0.141274</td>\n",
       "      <td>-0.356439</td>\n",
       "      <td>1.000000</td>\n",
       "      <td>0.393714</td>\n",
       "      <td>-0.108577</td>\n",
       "      <td>0.127385</td>\n",
       "      <td>0.184886</td>\n",
       "      <td>0.338166</td>\n",
       "    </tr>\n",
       "    <tr>\n",
       "      <th>oldpeak</th>\n",
       "      <td>0.049930</td>\n",
       "      <td>0.258243</td>\n",
       "      <td>0.103930</td>\n",
       "      <td>0.053002</td>\n",
       "      <td>-0.181486</td>\n",
       "      <td>0.161908</td>\n",
       "      <td>0.047734</td>\n",
       "      <td>0.006027</td>\n",
       "      <td>-0.037788</td>\n",
       "      <td>-0.151174</td>\n",
       "      <td>0.393714</td>\n",
       "      <td>1.000000</td>\n",
       "      <td>-0.589337</td>\n",
       "      <td>0.281817</td>\n",
       "      <td>0.027792</td>\n",
       "      <td>0.443084</td>\n",
       "    </tr>\n",
       "    <tr>\n",
       "      <th>slope</th>\n",
       "      <td>0.115371</td>\n",
       "      <td>-0.222399</td>\n",
       "      <td>-0.033180</td>\n",
       "      <td>0.131545</td>\n",
       "      <td>0.183725</td>\n",
       "      <td>-0.029471</td>\n",
       "      <td>0.087924</td>\n",
       "      <td>-0.063412</td>\n",
       "      <td>0.171056</td>\n",
       "      <td>0.170790</td>\n",
       "      <td>-0.108577</td>\n",
       "      <td>-0.589337</td>\n",
       "      <td>1.000000</td>\n",
       "      <td>-0.121233</td>\n",
       "      <td>0.228077</td>\n",
       "      <td>-0.318383</td>\n",
       "    </tr>\n",
       "    <tr>\n",
       "      <th>ca</th>\n",
       "      <td>0.061433</td>\n",
       "      <td>0.370416</td>\n",
       "      <td>0.094123</td>\n",
       "      <td>0.030384</td>\n",
       "      <td>-0.199452</td>\n",
       "      <td>0.093705</td>\n",
       "      <td>0.051606</td>\n",
       "      <td>0.193544</td>\n",
       "      <td>-0.114783</td>\n",
       "      <td>-0.264094</td>\n",
       "      <td>0.127385</td>\n",
       "      <td>0.281817</td>\n",
       "      <td>-0.121233</td>\n",
       "      <td>1.000000</td>\n",
       "      <td>0.136697</td>\n",
       "      <td>0.516216</td>\n",
       "    </tr>\n",
       "    <tr>\n",
       "      <th>thal</th>\n",
       "      <td>0.484673</td>\n",
       "      <td>-0.055761</td>\n",
       "      <td>0.148581</td>\n",
       "      <td>0.464508</td>\n",
       "      <td>-0.096112</td>\n",
       "      <td>-0.004139</td>\n",
       "      <td>-0.041309</td>\n",
       "      <td>0.071754</td>\n",
       "      <td>0.336679</td>\n",
       "      <td>-0.173028</td>\n",
       "      <td>0.184886</td>\n",
       "      <td>0.027792</td>\n",
       "      <td>0.228077</td>\n",
       "      <td>0.136697</td>\n",
       "      <td>1.000000</td>\n",
       "      <td>-0.005170</td>\n",
       "    </tr>\n",
       "    <tr>\n",
       "      <th>num</th>\n",
       "      <td>0.273552</td>\n",
       "      <td>0.339596</td>\n",
       "      <td>0.259342</td>\n",
       "      <td>0.276203</td>\n",
       "      <td>-0.314518</td>\n",
       "      <td>0.122291</td>\n",
       "      <td>-0.231547</td>\n",
       "      <td>0.186664</td>\n",
       "      <td>0.034255</td>\n",
       "      <td>-0.366265</td>\n",
       "      <td>0.338166</td>\n",
       "      <td>0.443084</td>\n",
       "      <td>-0.318383</td>\n",
       "      <td>0.516216</td>\n",
       "      <td>-0.005170</td>\n",
       "      <td>1.000000</td>\n",
       "    </tr>\n",
       "  </tbody>\n",
       "</table>\n",
       "</div>"
      ],
      "text/plain": [
       "                id       age       sex   dataset        cp  trestbps  \\\n",
       "id        1.000000  0.239301  0.280053  0.949062 -0.189430  0.052924   \n",
       "age       0.239301  1.000000  0.056889  0.235076 -0.076519  0.244253   \n",
       "sex       0.280053  0.056889  1.000000  0.285734 -0.125933  0.001087   \n",
       "dataset   0.949062  0.235076  0.285734  1.000000 -0.150334  0.021227   \n",
       "cp       -0.189430 -0.076519 -0.125933 -0.150334  1.000000 -0.023508   \n",
       "trestbps  0.052924  0.244253  0.001087  0.021227 -0.023508  1.000000   \n",
       "chol     -0.376936 -0.086234 -0.197281 -0.416648  0.065279  0.092853   \n",
       "fbs       0.291005  0.125887  0.106900  0.293678 -0.078563 -0.011590   \n",
       "restecg   0.477040 -0.013094  0.074900  0.456794 -0.064280  0.014034   \n",
       "thalch   -0.466427 -0.365778 -0.179320 -0.414609  0.300812 -0.104899   \n",
       "exang     0.399679  0.250938  0.207197  0.399767 -0.241050  0.152328   \n",
       "oldpeak   0.049930  0.258243  0.103930  0.053002 -0.181486  0.161908   \n",
       "slope     0.115371 -0.222399 -0.033180  0.131545  0.183725 -0.029471   \n",
       "ca        0.061433  0.370416  0.094123  0.030384 -0.199452  0.093705   \n",
       "thal      0.484673 -0.055761  0.148581  0.464508 -0.096112 -0.004139   \n",
       "num       0.273552  0.339596  0.259342  0.276203 -0.314518  0.122291   \n",
       "\n",
       "              chol       fbs   restecg    thalch     exang   oldpeak  \\\n",
       "id       -0.376936  0.291005  0.477040 -0.466427  0.399679  0.049930   \n",
       "age      -0.086234  0.125887 -0.013094 -0.365778  0.250938  0.258243   \n",
       "sex      -0.197281  0.106900  0.074900 -0.179320  0.207197  0.103930   \n",
       "dataset  -0.416648  0.293678  0.456794 -0.414609  0.399767  0.053002   \n",
       "cp        0.065279 -0.078563 -0.064280  0.300812 -0.241050 -0.181486   \n",
       "trestbps  0.092853 -0.011590  0.014034 -0.104899  0.152328  0.161908   \n",
       "chol      1.000000 -0.412369 -0.202552  0.236121 -0.029707  0.047734   \n",
       "fbs      -0.412369  1.000000  0.119873 -0.135389  0.004113  0.006027   \n",
       "restecg  -0.202552  0.119873  1.000000 -0.170422  0.141274 -0.037788   \n",
       "thalch    0.236121 -0.135389 -0.170422  1.000000 -0.356439 -0.151174   \n",
       "exang    -0.029707  0.004113  0.141274 -0.356439  1.000000  0.393714   \n",
       "oldpeak   0.047734  0.006027 -0.037788 -0.151174  0.393714  1.000000   \n",
       "slope     0.087924 -0.063412  0.171056  0.170790 -0.108577 -0.589337   \n",
       "ca        0.051606  0.193544 -0.114783 -0.264094  0.127385  0.281817   \n",
       "thal     -0.041309  0.071754  0.336679 -0.173028  0.184886  0.027792   \n",
       "num      -0.231547  0.186664  0.034255 -0.366265  0.338166  0.443084   \n",
       "\n",
       "             slope        ca      thal       num  \n",
       "id        0.115371  0.061433  0.484673  0.273552  \n",
       "age      -0.222399  0.370416 -0.055761  0.339596  \n",
       "sex      -0.033180  0.094123  0.148581  0.259342  \n",
       "dataset   0.131545  0.030384  0.464508  0.276203  \n",
       "cp        0.183725 -0.199452 -0.096112 -0.314518  \n",
       "trestbps -0.029471  0.093705 -0.004139  0.122291  \n",
       "chol      0.087924  0.051606 -0.041309 -0.231547  \n",
       "fbs      -0.063412  0.193544  0.071754  0.186664  \n",
       "restecg   0.171056 -0.114783  0.336679  0.034255  \n",
       "thalch    0.170790 -0.264094 -0.173028 -0.366265  \n",
       "exang    -0.108577  0.127385  0.184886  0.338166  \n",
       "oldpeak  -0.589337  0.281817  0.027792  0.443084  \n",
       "slope     1.000000 -0.121233  0.228077 -0.318383  \n",
       "ca       -0.121233  1.000000  0.136697  0.516216  \n",
       "thal      0.228077  0.136697  1.000000 -0.005170  \n",
       "num      -0.318383  0.516216 -0.005170  1.000000  "
      ]
     },
     "execution_count": 14,
     "metadata": {},
     "output_type": "execute_result"
    }
   ],
   "source": [
    "#Correlation matrix to understand relationships between features\n",
    "df.corr()"
   ]
  },
  {
   "cell_type": "code",
   "execution_count": 45,
   "id": "cd978162",
   "metadata": {},
   "outputs": [
    {
     "data": {
